lab Старт
1111111111111111111111111
1000000000000100000000007
1010101111110111111011111
1010100010000100000010001
1010101010101101111010101
1010101010100101001010101
1010101010101101011010101
1010101010100101000010101
1010101010110101010110101
1010101010100000010110101
1010101111111111111110101
1010100000000000000010101
1010101111111111111010101
1010000000000000000010101
1011111110111111111010101
1000100000000000000000101
1111111111111111111111101
1000000000000000000000001
1011111011110111111111101
1010001010010001000000001
1010101010110111111111101
1010111010100000010000001
1010001010101111111111101
1010100010001000000000001
1611111111111111111111111
lab Тремо
0000000000000000000000000
0000000000000000000000000
0000000000000000000000000
1110000000000000000000000
1611111111111111111111111
1000000000000000000000001
1011111111110111111111101
1011111111110111111111101
1011111111110111111111101
1000000000000000000000001
1011110111111111110111101
1011110111111111110111101
1011110111111111110111101
1011110111111111110111101
1011110000000000000111101
1011110111111111110111101
1011110111111111110111101
1011110111111111110111101
1011110111111111110111101
1000000000000000000000001
1011111111110111111111101
1011111111110111111111101
1011111111110111111111101
1000000000000000000000001
1111111111111111111111171
lab experiment1
0000000000000000000000000
0000000000000000000000000
0000000000000000000000000
0000000000000000000000000
0000000000000000000000000
0000000000000000000000000
0000000000000000000000000
0000000000000000000000000
0000000000000000000000000
0000000000000000000000000
0000000000000000000000000
0000000000000000000000000
0000000000000000000000000
0000000000000000000000000
1111111111111111111111111
1010101010101010101010101
1010101010101010101010101
1000100010001000100010001
1101110111011101110111011
6000000000000000000000007
1101110111011101110111011
1000100010001000100010001
1010101010101010101010101
1010101010101010101010101
1111111111111111111111111
